20438.5
20382.5
24704.5
24845.5
24510.0
27961.0
28617.0
28833.0
34478.0
34422.5
34046.5
42607.0
40907.5
40549.0
58425.0
54140.0
60410.0
60707.0
62126.5
78848.5
77768.5
78349.5
81633.0
84037.5
82069.5
115468.5
113333.0
115137.5
113581.0
110405.5
146777.5
218727.0
156581.5
153775.5
154757.5
221824.5
156210.5
181304.0
181186.0
255022.0
187530.0
192579.0
197421.5
264534.0
263276.5
272444.0
263663.5
353583.0
278446.0
271623.0
366629.0
270476.0
350855.5
319435.0
321847.0
457685.0
351911.5
360250.5
358294.0
477707.5
431188.5
467229.0
589401.0
481280.5
573945.5
769225.5
591568.0
609026.5
613877.0
791676.0
655444.5
726282.0
722123.5
966285.5
748153.5
756161.0
763800.5
1011447.0
951206.5
947367.5
929100.5
1171768.5
971666.0
1069906.0
1299213.5
1129586.5
1245066.0
1496251.0
1330189.0
1529345.5
1796674.5
1522027.0
1577697.5
1796649.5
1838820.0
2264398.5
1795277.5
1816271.5
1966882.0
2338364.5
348313.9146666667
748958.2613333334
750397.8533333334
1166515.7093333334
1163813.3173333332
2517770.64
20432.104
111311.61066666666
219373.61599999998
219146.312
179199.73866666667
185597.92533333335
358475.2453333333
289913.624
577672.0693333334
628057.7893333334
603946.728
759195.36
1241669.1466666667
1321814.8533333333
1535076.5173333334
1797334.8213333332
1898013.6559999997
1890588.392
2363582.76
2026726.650666667
20465.778666666665
20465.778666666665
19371.352
19371.352
26081.029333333332
25567.49066666667
23622.778666666665
30526.085333333333
30349.293333333335
36410.73333333333
35349.98133333334
34390.253333333334
43111.992
43642.368
44256.93066666667
43196.17866666667
58922.24799999999
59924.06933333333
55925.20266666667
65143.64266666667
62601.20533333334
62601.20533333334
77897.92266666667
77897.92266666667
76980.288
77796.89866666668
82250.37333333334
80179.38133333332
112422.87466666666
111134.81866666667
111934.592
108718.66133333332
150828.832
148547.37333333332
156629.29333333333
156629.29333333333
149027.23733333335
179898.48799999998
274692.67466666666
274347.50933333335
363913.704
351403.56533333333
323967.13066666666
354383.7733333333
365631.11199999996
580298.6933333334
594997.6853333333
798140.112
1233393.5973333332
2305342.424
298577.0
349422.5
349588.5
419066.5
451899.0
569173.0
568012.5
601794.5
731774.5
817484.5
940044.5
1119250.0
1323210.0
1311902.5
1452063.5
1714589.5
1729738.0
1857948.5
2031542.0
2144254.0
2169350.5
2276440.0
2495462.0
2445409.5