20970.9
21139.3
23740.6
24616.2
22679.9
29465.3
28775.0
29608.5
32336.1
34104.0
33396.9
42505.8
39736.1
38944.8
54881.3
49973.2
58526.6
57482.7
62938.0
76239.4
73469.7
74682.0
77418.1
79573.2
76778.2
108247.2
111025.4
108449.3
111623.1
107893.6
145685.0
220341.8
147394.0
150761.5
150433.2
222118.1
153093.5
179401.8
177204.5
261694.3
190329.2
188569.7
193873.5
274103.4
275357.7
278439.0
271350.5
371120.1
281991.7
279331.4
369335.3
281444.4
348044.5
321896.1
331367.1
470864.4
361245.0
367314.8
363189.7
487971.2
428880.6
473179.6
599678.5
490581.0
583826.1
780789.2
597506.4
607549.9
609679.8
812392.9
646267.4
752468.8
738157.1
960292.1
759574.2
764608.6
777245.0
1029830.2
947529.4
944153.5
932030.6
1202631.8
1003042.0
1072361.3
1328482.4
1174429.3
1269358.1
1563893.6
1338719.5
1631377.6
1827751.5
1550878.4
1598932.1
1819181.3
1934879.0
2311353.4
1851231.1
1879610.5
2035254.8
2386683.6
343338.4826666667
762192.4053333333
749101.3786666667
1155950.2826666667
1153264.728
2460683.6613333332
21484.437333333335
110915.93333333333
225275.10133333335
221907.63466666665
178736.712
183265.95466666666
364578.77866666665
287143.88266666664
584903.7039999999
629068.0293333334
607802.4773333333
772909.368
1236735.808
1321848.528
1589376.9173333333
1827507.3226666665
1890352.6693333331
1865509.1840000001
2357033.0373333334
2051780.6026666665
20533.128
19211.397333333334
19463.957333333336
19800.704
25104.464
25213.906666666666
23715.384000000002
29743.149333333335
29221.192
34364.99733333333
34112.43733333333
34971.14133333333
43364.551999999996
41083.09333333333
42867.850666666665
41512.44533333333
54679.24
55521.10666666667
52111.54666666667
58922.24799999999
60496.538666666675
60134.536
74791.43466666667
75397.57866666667
75549.11466666666
74513.61866666668
78091.55200000001
77653.78133333333
110419.232
109206.944
111707.288
107977.81866666667
150980.368
153143.96533333333
155231.79466666665
153287.08266666665
150441.57333333333
178635.688
276561.6186666666
279179.824
365597.43733333336
354459.54133333336
323579.872
360916.65866666666
367163.30933333334
591798.59
594096.888
809892.5706666666
1238722.6133333333
2308120.5840000003
318355.387524
356844.135802
349277.55102
417514.285714
450029.166667
551469.387755
562730.612245
602934.693878
737346.938776
835083.429784
929053.061223
1087461.22449
1300408.163265
1276620.408163
1510690.58642
1725828.571429
1774808.163265
1816522.4489
1982249.52741
2133132.716049
2176493.055556
2318177.083333
2468975.694444
2428741.319444